
400 1 0 21464 1 1 1 2 14.5 2.6 1718 137.95 190 12.2
4500 0 0 20617 1 0 1 0 1.1 4.14 7394.8 113.52 221 10.6
1012 1 0 25594 0 0 0 1 1.4 3.48 516 96.1 151 12
1925 1 0 19994 1 0 1 1 1.8 2.54 6121.8 60.63 183 10.3
1504 0 1 13918 1 0 1 0 3.4 3.53 671 113.15 136 10.9
1832 0 1 20284 1 0 1 0 1 4.09 824 60.45 204 9.7
2466 1 1 19379 1 0 0 0 0.3 4 4651.2 28.38 373 11
2400 1 0 15526 1 0 0 0 3.2 3.08 2276 144.15 251 11
51 1 1 25772 1 1 0 2 12.6 2.74 918 147.25 302 11.5
3762 1 1 19619 1 0 1 0 1.4 4.16 1104 79.05 258 12
304 1 1 21600 1 0 0 0 3.6 3.52 591 82.15 71 13.6
3577 0 1 16688 1 0 0 0 0.7 3.85 1181 88.35 244 10.6
1217 1 1 20535 0 1 1 2 0.8 2.27 728 71 156 11
3584 1 0 23612 1 0 0 0 0.8 3.87 9009.8 127.71 295 11
3672 0 1 14772 1 0 0 0 0.7 3.66 685 72.85 198 10.8
769 1 1 19060 1 0 1 0 2.7 3.15 1533 117.8 224 10.5
131 1 0 19698 1 0 1 2 11.4 2.8 961 280.55 283 12.4
4232 0 0 18102 1 0 1 1 0.7 3.56 1881 93 209 11
1356 1 1 21898 1 0 1 0 5.1 3.51 1919 122.45 322 13
3445 0 1 23445 0 0 1 0 0.6 3.83 843 65.1 336 11.4
673 1 0 20555 1 0 0 0 3.4 3.63 1376 120.9 173 11.6
264 1 1 20442 1 1 1 2 17.4 2.94 6064.8 227.04 214 11.7
4079 1 0 16261 0 0 1 0 2.1 4 5719 221.88 70 9.9
4127 0 1 16463 1 0 0 0 0.7 4.1 661 106.95 324 11.3
1444 1 1 19002 1 0 1 0 5.2 3.68 3228 165.85 421 9.9
77 1 1 19884 1 1 1 1 21.6 3.31 3697.4 101.91 80 12
549 1 1 16417 1 1 1 2 17.2 3.23 1975 189.1 144 13
4509 0 1 23331 1 0 0 0 0.7 3.78 5833 73.53 390 10.6
321 1 1 15116 1 0 1 0 3.6 2.54 7277 121.26 124 11
3839 1 1 15177 1 0 1 0 4.7 3.44 9933.2 206.4 195 10.3
4523 0 1 19722 1 0 1 0 1.8 3.34 7277 82.56 286 10.6
3170 1 1 18731 1 0 0 0 0.8 3.19 1592 218.55 180 12
3933 0 0 19015 1 0 0 0 0.8 3.7 1840 170.5 273 10.5
2847 1 1 17758 1 0 0 0 1.2 3.2 12258.8 72.24 431 10.6
3611 0 1 20604 1 0 0 0 0.3 3.39 558 71.3 311 10.6
223 1 0 22546 1 1 1 2 7.1 3.01 6931.2 180.6 102 12
3244 1 1 13378 1 0 1 0 3.3 3.53 1234 137.95 234 11
2297 1 0 20232 1 0 1 0 0.7 3 9066.8 72.24 563 10.6
4467 0 0 17046 1 0 0 0 1.3 3.34 11046.6 104.49 358 11
1350 1 0 12285 1 0 1 0 6.8 3.26 1215 151.9 226 11.7
4453 0 1 12307 1 0 1 0 2.1 3.54 8778 56.76 344 11
4556 0 0 17850 1 0 0 0 1.1 3.64 5430.2 67.08 203 10.6
3428 1 1 13727 1 0 1 2 3.3 3.55 1029 119.35 199 11.7
4025 0 1 15265 1 0 0 0 0.6 3.93 1826 71.3 474 10.9
2256 1 0 16728 1 0 1 0 5.7 2.84 11552 136.74 518 12.7
2576 0 1 17323 1 0 0 0 0.5 3.65 1716 187.55 356 9.8
4427 0 1 17947 0 0 0 0 1.9 3.7 10396.8 188.34 214 11
708 1 1 22336 1 0 1 0 0.8 3.82 678 97.65 233 11
2598 1 0 19544 1 0 1 0 1.1 3.36 1080 106.95 128 10.6
3853 1 1 19025 1 0 0 0 0.8 3.6 4332 99.33 273 10.6
2386 1 0 18460 0 0 0 0 6 3.7 5084.4 206.4 362 10.6
1000 1 0 24621 1 0 1 0 2.6 3.1 6456.2 56.76 214 11
1434 1 0 14317 1 1 1 2 1.3 3.4 5487.2 73.53 254 11
1360 1 0 24020 0 0 0 0 1.8 3.94 10165 79.98 213 11
1847 1 1 12279 1 0 1 0 1.1 3.8 13862.4 95.46 365 10.6
3282 1 0 19567 1 0 1 1 2.3 3.18 11320.2 105.78 216 12.4
2224 1 0 14754 1 0 1 0 0.8 3.5 7622.8 126.42 321 10.6
4365 0 0 21324 1 0 0 0 0.9 3.4 876 71.3 228 10.3
4256 0 1 16034 0 0 0 0 0.6 3.94 601 60.45 211 13
3090 1 1 22173 1 1 0 0 1.3 2.75 1523 43.4 329 13.2
859 1 1 17031 1 0 0 2 22.5 3.12 5396 244.9 165 11.6
1487 1 1 22977 1 0 1 0 2.1 3.5 1009 150.35 178 11
3992 0 0 14684 1 0 0 0 1.2 3.6 724 141.05 430 10
4191 1 0 16967 0 0 1 0 1.4 3.7 1909 182.9 123 11
2769 1 1 18733 1 0 0 0 1.1 3.91 1787 328.6 261 10
4039 0 0 11912 1 0 0 0 0.7 4.09 642 71.3 203 10.6
1170 1 0 18021 1 0 1 1 20 3.46 3292 215.45 227 12.4
3458 0 0 20600 1 0 0 0 0.6 4.64 666 54.25 265 10.6
4196 0 1 17841 1 0 1 0 1.2 3.57 2201 120.9 410 11.5
4184 0 1 11868 1 0 0 0 0.5 3.54 1243 122.45 225 10
4190 0 1 14060 1 0 0 0 0.7 3.6 423 49.6 265 11
1827 1 0 18964 1 0 1 0 8.4 3.99 967 89.9 278 11
1191 1 0 15895 1 1 1 1 17.1 2.53 2078 182.9 268 11.5
71 1 0 18972 1 0 1 1 12.2 3.08 2132 155 165 11.6
326 1 1 18199 1 0 1 1 6.6 3.41 1819 170.5 132 12.1
1690 1 0 17512 1 0 1 0 6.3 3.02 2176 170.5 236 10.6
3707 0 0 16990 1 0 1 0 0.8 4.24 1637 170.5 426 10.9
890 1 1 24622 0 0 1 0 7.2 3.72 1303 176.7 360 11.2
2540 1 0 23107 1 0 1 0 14.4 3.65 1218 60.45 385 11.7
3574 1 0 24585 1 0 0 0 4.5 4.09 1580 117.8 412 11.1
4050 0 0 20459 1 0 1 1 1.3 3.5 1138 71.3 81 12.9
4032 0 1 20392 1 0 0 0 0.4 3.76 1345 137.95 181 11.2
3358 1 1 17246 1 0 1 0 2.1 3.48 2045 89.9 225 11.5
1657 1 0 19270 1 0 1 0 5 3.21 2656 82.15 181 10.9
198 1 0 13616 1 0 0 0 1.1 4.4 1860 218.55 447 10.7
2452 0 1 15119 1 0 0 1 0.6 4.06 1032 80.6 442 12
1741 1 0 19155 1 0 1 0 2 3.65 1083 110.05 200 11.4
2689 1 0 12227 0 0 0 0 1.6 4.22 1857 151.9 337 11
460 1 1 16658 1 0 1 1 5 3.47 2460 246.45 430 11.9
388 1 0 28018 1 1 0 2 1.4 3.13 1626 86.8 145 12.2
3913 0 0 13344 1 0 0 0 1.3 3.67 2039 232.5 380 11.1
750 1 0 19693 1 0 1 0 3.2 3.11 1212 159.65 188 11.8
130 1 1 16944 1 1 1 2 17.4 2.64 559 119.35 401 11.7
3850 0 0 17841 1 0 0 0 1 3.7 1258 99.2 338 10.4
611 1 1 26259 0 0 1 1 2 3.26 3196 77.5 344 11.4
3823 0 0 10550 1 0 0 0 1 3.77 1877 97.65 312 10.2
3820 0 1 17703 0 0 0 0 1.8 3.35 1472 108.5 172 10.2
552 1 1 18799 0 0 1 0 2.3 3 746 178.25 119 12
3581 0 1 16418 1 0 0 0 0.9 3.6 1689 164.3 327 10.4
3099 0 0 20662 1 0 0 0 0.9 3.97 646 62 128 10.1
110 1 1 17884 1 1 1 2 2.5 3.67 1273 119.35 110 11.1
3086 1 0 15712 1 0 0 0 1.1 3.64 2108 128.65 349 11.1
3092 0 1 12433 1 0 1 0 1.1 4.2 1644 151.9 348 10.3
3222 1 0 25023 1 1 1 0 2.1 3.9 1087 103.85 137 10.6
3388 0 1 22836 1 0 0 0 0.6 4.03 648 71.3 316 17.1
2583 1 0 18393 1 0 0 0 0.4 3.5 1062 49.6 334 10.3
2504 0 1 16094 1 0 0 0 0.5 3.61 804 110.05 271 10.6
2105 1 0 14212 1 0 1 0 1.9 3.54 1052 108.5 141 10.9
2350 0 0 15031 1 0 0 0 5.5 4.18 2404 172.05 467 10.7
3445 1 1 20256 1 0 1 0 2 3.67 754 196.85 136 11.8
980 1 0 18713 1 0 1 0 6.7 3.74 979 128.65 266 11.1
3395 1 1 19295 0 0 0 0 3.2 4.3 1040 110.05 268 11.7
3422 0 1 15574 1 0 0 0 0.7 4.19 1584 111.6 307 10.3
3336 0 0 22306 1 0 0 1 3 3.63 1588 106.95 438 9.9
1083 1 0 18137 1 0 1 0 6.5 3.11 2374 170.5 354 11
2288 1 0 17844 1 0 1 0 3.5 3.3 878 137.95 207 10.2
515 1 0 19817 1 0 0 0 0.6 3.83 944 97.65 306 9.5
2033 0 0 12839 0 0 0 0 3.5 3.98 766 130.2 344 10.6
191 1 1 24803 0 1 1 2 1.3 3.08 1112 46.5 213 13.2
3297 0 0 20248 1 0 0 0 0.6 4.13 758 65.1 256 10.7
971 1 0 16736 1 0 1 2 5.1 3.23 790 179.8 104 13
3069 0 0 19318 0 0 1 0 0.6 3.9 681 57.35 182 10.8
2468 0 1 17233 1 0 1 0 1.3 3.51 1162 147.25 238 10
824 1 0 19577 1 1 1 0 1.2 3.12 1441 165.85 166 11.1
3255 0 1 16109 1 0 0 0 0.5 4.08 1174 86.8 453 10
1037 1 0 15322 1 0 1 0 16.2 2.89 1828 299.15 123 12.6
1413 1 1 16154 1 0 1 0 17.4 3.43 2065 165.85 418 11.5
850 1 1 22646 1 0 1 0 2.8 3.8 614 136.4 121 13.2
2944 0 0 14812 1 0 0 0 1.9 3.83 1052 127.1 181 9.8
2796 1 1 22881 0 0 0 0 1.5 3.95 577 128.65 165 10.1
3149 0 1 15463 1 0 0 0 0.7 3.67 1353 127.1 427 10.7
3150 0 0 15694 1 0 0 0 0.4 3.57 836 74.4 445 11
3098 0 0 20440 1 0 0 0 0.8 3.35 1636 116.25 206 9.8
2990 0 0 22960 1 0 0 0 1.1 3.6 3472 155 344 10.1
1297 1 0 18719 0 0 1 0 7.3 3.93 2424 145.7 252 10.5
2106 0 1 17080 1 0 1 0 1.1 3.31 1260 94.55 142 11.6
3059 0 0 19751 1 0 1 0 1.1 4.09 2120 186 318 10
3050 0 0 17180 1 0 0 0 0.9 3.77 794 125.55 336 10.6
2419 1 1 20354 1 0 1 0 1 3.48 720 134.85 283 9.9
786 1 1 16839 1 0 1 0 2.9 3.6 1492 134.85 277 11
943 1 1 19098 1 0 1 1 28 3.26 3896 198.4 335 10
2976 0 1 18701 1 0 0 0 0.7 3.84 858 41.85 253 11.4
2615 0 1 12369 1 0 0 1 1.2 3.89 1284 173.6 239 9.4
2995 0 0 27398 1 0 0 1 1.2 3.37 791 57.35 213 10.7
1427 1 1 11273 1 0 1 0 7.2 3.26 3836 198.4 330 9.8
762 1 0 22574 0 0 1 1 3 3.79 1664 102.3 140 9.9
2891 0 1 12779 1 0 0 0 1 3.63 1536 134.85 233 10
2870 0 0 20104 1 0 0 0 0.9 3.03 721 85.25 301 9.4
1152 1 0 25546 0 0 1 0 2.3 3.01 2276 114.7 339 10.9
2863 0 0 18118 1 0 0 0 0.5 3.85 453 54.25 270 11.1
140 1 0 25340 0 0 0 2 2.4 2.56 1056 120.9 108 14.1
2666 0 1 15909 1 0 1 1 0.6 3.35 1620 153.45 311 11.2
853 1 1 21699 1 0 1 0 25.5 3.52 2468 201.5 151 11.5
2835 0 1 17809 1 0 0 0 0.6 3.42 1868 77.5 487 10
2475 0 0 13329 1 0 0 0 3.4 3.37 1408 116.25 313 11.2
1536 1 1 16714 0 0 0 0 2.5 3.46 714 130.2 207 10.1
2772 0 1 20955 1 0 0 0 0.6 3.62 414 75.95 224 10.5
2797 0 1 15612 1 0 0 0 2.3 3.56 964 120.9 269 9.6
186 1 1 21483 1 0 1 0 3.2 3.19 815 127.1 160 12
2055 1 0 19540 1 0 0 0 0.3 4.08 622 66.65 358 9.9
264 1 1 15857 1 0 1 1 8.5 3.34 1428 181.35 88 13.3
1077 1 0 19470 0 0 1 0 4 3.45 2496 133.3 212 11.3
2721 0 1 15105 1 0 1 0 5.7 3.26 1960 457.25 213 9.5
1682 1 0 22265 0 0 1 0 0.9 3.86 1015 83.7 238 10.3
1212 1 1 12963 1 0 0 0 1.3 4.22 1387 142.6 295 10.1
2692 0 0 17774 1 0 0 0 1.2 3.61 1509 88.35 263 9
2574 0 0 19237 1 0 0 0 0.5 4.52 784 74.4 361 10.1
2301 0 1 18215 1 0 0 0 1.3 3.34 1031 91.45 217 9.8
2657 0 0 11058 1 0 1 0 3 3.42 1403 89.9 493 9.8
2644 0 0 20296 1 0 0 0 0.5 3.85 663 79.05 311 9.7
2624 0 1 19049 1 0 0 0 0.8 3.8 718 108.5 340 10.1
1492 1 0 15198 1 0 1 0 3.2 3.56 1790 139.5 149 10.1
2609 0 1 20254 1 0 0 0 0.9 4.01 559 43.4 277 10.4
2580 0 0 25569 1 0 0 0 0.6 4.08 665 74.4 325 10.2
2573 0 1 16050 1 0 1 0 1.8 3.83 2148 102.3 278 9.9
2563 0 1 15548 1 0 0 0 4.7 4.38 1629 237.15 175 10.4
2556 0 0 16279 1 0 1 0 1.4 3.58 554 75.95 79 10.3
2555 0 0 20799 1 0 1 0 0.6 3.69 674 26.35 539 9.9
2241 0 1 14705 1 0 0 0 0.5 3.73 1345 54.25 445 10.1
974 1 1 13736 1 0 1 0 11 3.55 2412 167.4 471 9.8
2527 0 0 17664 1 0 0 0 0.8 3.54 1132 74.4 192 10.5
1576 1 0 25873 1 0 0 1 2 3.53 933 69.75 200 12.7
733 1 1 13073 1 0 1 0 14 3.43 2870 153.45 268 11.5
2332 0 0 22873 1 0 1 0 0.7 3.48 654 120.9 164 11
2456 0 1 18499 1 0 1 0 1.3 3.63 1812 97.65 256 9.9
2504 0 0 19916 1 0 0 0 2.3 3.93 1828 133.3 327 10.2
216 1 1 19246 1 1 1 0 24.5 3.35 3740 147.25 399 15.2
2443 0 0 19256 1 0 1 0 0.9 3.69 696 51.15 344 9.8
797 1 1 20736 1 0 0 0 10.8 3.19 2184 161.2 382 10.4
2449 0 0 16216 1 0 0 0 1.5 4.3 975 125.55 336 9.1
2330 0 0 10795 1 0 1 0 3.7 3.9 2544 221.65 129 11.5
2363 0 0 20834 1 0 1 0 1.4 3.36 810 72.85 117 11.6
2365 0 0 16300 1 0 0 0 0.6 3.97 1164 102.3 201 10.1
2357 0 1 13075 1 0 0 0 0.7 2.9 1692 141.05 381 9.6
1592 0 0 14872 1 0 0 0 2.1 3.43 1395 184.45 328 10.2
2318 0 1 11773 1 0 0 0 4.7 3.55 1391 137.95 332 9.9
2294 0 1 15009 1 0 1 0 0.6 3.2 1758 106.95 228 10.8
2272 0 0 22514 1 0 0 0 0.5 3.8 1044 80.6 514 10
2221 0 1 13535 1 0 1 0 0.5 4.04 598 52.7 166 9.9
2090 1 1 22857 1 0 0 0 0.7 3.74 1024 77.5 281 10.2
2081 1 0 17889 1 1 0 0 2.5 3.55 1516 238.7 126 10.3
2255 0 0 22642 1 0 0 0 0.6 4.07 5300 57.35 240 11
2171 0 0 26580 1 0 0 1 0.6 3.33 733 85.25 259 10.1
904 1 0 22388 1 0 1 0 3.9 3.2 1440 153.45 156 10
2216 0 1 19221 1 0 1 0 0.7 4.01 1210 72.85 309 9.5
2224 0 1 18176 0 0 1 0 0.9 3.37 1098 122.45 298 10
2195 0 1 19327 1 0 0 0 1.3 3.76 1282 100.75 114 10.3
2176 0 1 17263 1 0 0 0 1.2 3.98 1074 100.75 223 9.9
2178 0 0 18337 1 0 0 0 0.5 3.4 1134 96.1 356 10.2
1786 1 1 25329 1 0 1 0 0.9 3.43 1866 79.05 236 9.9
1080 1 1 15037 1 0 0 0 5.9 3.85 1204 203.05 216 10.7
2168 0 0 21610 1 0 0 0 0.5 3.68 856 55.8 146 10.4
790 1 1 13178 1 0 1 0 11.4 3.31 1790 151.9 298 10.8
2170 0 0 12636 1 0 0 0 0.5 3.89 897 66.65 423 10.1
2157 0 1 15601 1 0 0 0 1.6 4.17 936 134.85 176 9.6
1235 1 0 23241 1 0 0 0 3.8 3.22 2716 210.8 228 10.6
2050 0 1 20684 1 0 1 0 0.9 3.65 3186 94.55 269 9.7
597 1 1 16898 1 0 1 0 4.5 3.38 2310 167.4 240 12.4
334 1 0 22369 1 1 1 2 14.1 2.43 1833 134 210 11
1945 0 0 14106 1 0 0 0 1 3.66 1214 158.1 309 9.7
2022 0 0 14161 1 0 0 0 0.7 3.66 1065 88.35 251 10.1
1978 0 1 20708 1 0 1 0 0.5 3.7 884 75.95 231 9.6
999 1 0 21532 0 0 0 0 2.3 3.35 1601 179.8 394 9.7
1967 0 1 13486 1 0 0 0 0.7 3.35 645 93 165 9.6
348 1 0 22797 1 1 1 1 4.5 3.05 1020 175.15 139 11.4
1979 0 1 12641 1 0 1 0 3.3 3.41 310 83.7 95 11.5
1165 1 1 21307 1 0 1 0 3.4 1.96 2250 203.05 190 10.7
1951 0 0 18329 1 0 1 0 0.4 3.02 1001 133.3 265 10.6
1932 0 0 15591 1 0 1 0 0.9 3.06 2622 105.4 284 9.8
1776 0 1 12557 1 0 0 0 0.9 3.35 976 116.25 322 11.2
1882 0 1 12120 1 0 1 0 13 4.16 3510 209.25 338 11.9
1908 0 0 14019 1 0 1 0 1.5 3.79 1006 139.5 341 9.7
1882 0 0 21828 1 0 1 0 1.6 2.95 820 85.25 181 10.1
1874 0 1 24257 1 0 0 1 0.6 3.35 1093 128.65 295 9.8
694 1 0 17090 1 0 1 0 0.8 2.94 1794 130.2 319 11.2
1831 0 0 20483 1 0 0 0 0.4 3.72 369 51.15 326 10.1
837 0 1 15112 1 0 1 0 4.4 3.62 1119 114.7 282 9.8
1810 0 0 23585 1 0 1 0 1.9 2.97 1553 196.85 277 9.9
930 1 1 24650 1 0 1 0 8 2.81 2009 198.4 233 10
1690 1 0 16374 1 0 0 0 3.9 3.22 1268 272.8 270 9.6
1790 0 1 16718 1 0 1 0 0.6 3.65 794 52.7 305 9.6
1435 0 0 12035 1 0 1 0 2.1 3.77 1613 150.35 185 10.1
732 0 0 15056 1 0 1 0 6.1 2.83 3681 158.1 297 10
1785 0 1 20241 1 0 1 0 0.8 3.51 1237 66.65 371 10
1783 0 0 17525 1 0 0 0 1.3 3.2 1556 175.15 195 10.6
1769 0 1 14899 1 0 1 0 0.6 3.36 2769 220.1 303 10.9
1457 0 0 20810 1 0 0 0 0.5 3.61 676 83 249 9.9
1770 0 0 25006 1 0 1 0 1.1 3.35 924 113.15 317 10
1765 0 0 28650 0 1 1 0 7.1 3.03 983 158.1 97 11.2
737 0 0 14558 1 0 1 0 3.1 3.75 1136 110 264 10
1735 0 1 12897 1 0 1 0 0.7 3.85 466 53 156 10.3
1701 0 0 11485 1 0 0 0 1.1 3.74 823 84 242 9.7
1614 0 0 21281 1 0 0 0 0.5 4.23 377 56 227 10.6
1702 0 0 18806 1 0 0 0 1.1 3.44 1003 99 271 9.6
1615 0 1 21904 1 0 1 0 3.1 2.97 1110 125 221 9.8
1656 0 1 27220 0 0 1 0 5.6 3.59 1120 98 248 10.9
1677 0 1 19126 1 0 1 0 3.2 3.14 857 89 375 9.5
1666 0 1 15628 1 0 1 0 2.8 3.06 2562 91 231 9.5
1301 0 1 12738 1 0 1 1 1.1 3.57 1406 190 248 11.4
1542 0 1 16122 1 0 1 0 3.4 3.12 1911 92 318 11.2
1084 0 1 16941 1 0 1 0 3.5 3.2 938 120 296 10
1614 0 0 20567 1 0 0 0 0.5 3.32 613 70 279 10.2
179 1 0 25899 1 1 1 2 6.6 2.33 620 106 195 12.1
1191 1 0 20233 1 1 1 1 6.4 2.75 834 82 149 11
1363 0 1 16467 1 0 0 0 3.6 3.5 1428 188 151 10.1
1568 0 0 9598 1 0 1 0 1 3.74 1128 71 228 10.2
1569 0 1 18435 1 0 1 0 1 3.5 955 111 289 9.7
1525 0 0 14025 1 0 0 0 0.5 2.93 674 58 153 9.8
1558 0 1 17320 1 0 0 0 2.2 3.46 1677 87 202 9.6
1447 0 0 17525 1 0 0 0 1.6 3.07 1995 128 372 9.6
1349 0 0 13995 1 0 0 0 2.2 3.77 2520 92 309 9.5
1481 0 0 18302 1 0 0 0 1 3.85 640 145 95 10.7
1434 0 1 12816 1 0 0 1 1 3.56 1636 84 394 9.8
1420 0 1 11872 1 0 0 0 5.6 3.7 2139 185 215 9.9
1433 0 1 20510 1 0 0 0 0.5 3.77 911 57 280 9.8
1412 0 0 16858 1 0 0 0 1.6 3.69 2583 142 284 9.6
41 1 0 24064 1 1 0 2 17.9 2.1 705 338 62 12.9
1455 0 1 12398 1 0 1 0 1.3 3.52 1622 71 255 9.5
1030 0 1 22960 1 0 0 0 1.1 3.99 1293 91 422 9.6
1418 0 1 17738 1 0 0 0 1.3 3.44 1082 85 251 9.5
1401 0 0 16929 1 0 0 0 0.8 3.48 688 57 252 10
1408 0 0 14191 1 0 1 0 2 3.36 1257 122 143 9.8
1234 0 0 21421 1 0 0 0 6.4 3.46 1768 120 258 10.1
1067 0 1 17874 1 0 1 1 8.7 3.89 637 117 298 9.6
799 1 0 24681 0 0 1 1 4 3.99 960 86 269 9.8
1363 0 0 24101 1 0 0 0 1.4 3.57 722 93 283 9.8
901 0 0 14939 1 0 0 0 3.2 3.18 3336 205 304 9.9
1329 0 1 18352 0 0 1 0 8.6 3.73 1070 127 291 11.2
1320 0 1 20891 1 0 1 2 8.5 2.98 815 163 122 12.3
1302 0 0 22111 0 0 1 0 6.6 3.07 3150 193 299 10.9
877 0 0 12912 0 0 0 0 2.4 3.83 855 127 306 10.3
1321 0 1 11462 1 0 0 0 0.8 3.31 1105 137 293 10.9
533 0 0 20449 0 0 1 0 1.2 3.43 1142 75 217 11.3
1300 0 1 19258 1 0 1 0 1.1 3.37 289 97 243 10.2
1293 0 0 13913 1 0 0 0 2.4 3.76 1653 150 213 10.8
207 1 1 21247 1 0 1 0 5.2 2.23 601 135 206 12.3
1295 0 1 16513 1 0 0 0 1 3.57 1307 74 295 10.5
1271 0 0 13806 1 0 0 0 0.7 3.95 657 52 268 10.6
1250 0 1 22156 1 0 1 0 1 3.25 1190 140 248 10.6
1230 0 0 12979 1 0 0 0 0.5 3.93 663 45 246 10.8
1216 0 1 15730 1 0 1 0 2.9 3.61 5184 288 275 10.6
1216 0 1 20597 1 0 1 0 0.6 3.45 1072 55 227 10.7
1149 0 1 11167 1 0 0 0 0.8 3.56 1282 130 344 10.5
1153 0 0 22347 1 0 1 0 0.4 3.58 797 91 288 10.4
994 0 1 21294 1 0 0 0 0.4 2.75 1166 70 231 10.8
939 0 0 22767 1 0 0 0 1.7 3.35 1713 171 234 10.2
839 0 0 13879 1 0 0 0 2 3.16 1050 117 335 10.5
788 0 1 12109 1 0 0 0 6.4 3.79 2115 136 200 10.8
